R=[100;1e3];
C=1e-3;
ii=1e-3;