Ra = 5.4;
La = 10e-6;

kcm = 1;
kc = 0.022;
ku = 0.022;
ki = 389.9468;
kp = 7.7989;
kd = 0;

J0 = 14e-7;
Ja1 = J0;
Ja2 = 2*J0;
Ja3 = 3*J0;
Jt = 2*J0 + Ja2;

Unom = 15;
Cnom = 50e-3;
TPMmax = 5100;

mr = 5e-3;
